0000000000100000
0000000001000000
0000000001100000
0000000010000000
0000000010100000
0000000011000000
0000000011100000
0000000100000000
0000000100100000
0000000101000000
0000000101100000
0000000110000000
0000000110100000
0000000111000000
0000000111100000
0000001000000000
0000001000100000
0000001001000000
0000001001100000
0000001010000000
0000001010100000
0000001011000000
0000001011100000
0000001100000000
0000001100100000
0000001101000000
0000001101100000
0000001110000000
0000001110100000
0000001111000000
0000001111100000
0000010000000000
0000010000100000
0000010001000000
0000010001100000
0000010010000000
0000010010100000
0000010011000000
0000010011100000
0000010100000000
0000010100100000
0000010101000000
0000010101100000
0000010110000000
0000010110100000
0000010111000000
0000010111100000
0000011000000000
0000011000100000
0000011001000000
0000011001100000
0000011010000000
0000011010100000
0000011011000000
0000011011100000
0000011100000000
0000011100100000
0000011101000000
0000011101100000
0000011110000000
0000011110100000
0000011111000000
0000011111100000